########## Simple CNN sample output  ############

Sample Image (With 2 zero Padding) : 32 * 32
0 0 0 0 0 0 0 0 0 0 0 0 0 0 0 0 0 0 0 0 0 0 0 0 0 0 0 0 0 0 0 0
0 0 0 0 0 0 0 0 0 0 0 0 0 0 0 0 0 0 0 0 0 0 0 0 0 0 0 0 0 0 0 0
0 0 0 0 0 0 0 0 0 0 0 0 0 0 0 0 0 0 0 0 0 0 0 0 0 0 0 0 0 0 0 0
0 0 0 0 0 0 0 0 0 0 0 0 0 0 0 0 0 0 0 0 0 0 0 0 0 0 0 0 0 0 0 0
0 0 0 0 0 0 0 0 0 0 0 0 0 0 0 0 0 0 0 0 0 0 0 0 0 0 0 0 0 0 0 0
0 0 0 0 0 0 0 0 0 0 0 0 0 0 0 0 0 0 0 0 0 0 0 0 0 0 0 0 0 0 0 0
0 0 0 0 0 0 0 0 0 0 0 0 0 0 0 0 0 0 0 0 0 0 0 0 0 0 0 0 0 0 0 0
0 0 0 0 0 0 0 0 0 0 0 0 0 0 0 0 0 0 0 0 0 0 0 0 0 0 0 0 0 0 0 0
0 0 0 0 0 0 0 0 0 0 0 0 0 0 0 0 0 0 0 0 0 0 0 0 0 0 0 0 0 0 0 0
0 0 0 0 0 0 0 0 84 185 159 151 60 36 0 0 0 0 0 0 0 0 0 0 0 0 0 0 0 0 0 0
0 0 0 0 0 0 0 0 222 254 254 254 254 241 198 198 198 198 198 198 198 198 170 52 0 0 0 0 0 0 0 0
0 0 0 0 0 0 0 0 67 114 72 114 163 227 254 225 254 254 254 250 229 254 254 140 0 0 0 0 0 0 0 0
0 0 0 0 0 0 0 0 0 0 0 0 0 17 66 14 67 67 67 59 21 236 254 106 0 0 0 0 0 0 0 0
0 0 0 0 0 0 0 0 0 0 0 0 0 0 0 0 0 0 0 0 83 253 209 18 0 0 0 0 0 0 0 0
0 0 0 0 0 0 0 0 0 0 0 0 0 0 0 0 0 0 0 22 233 255 83 0 0 0 0 0 0 0 0 0
0 0 0 0 0 0 0 0 0 0 0 0 0 0 0 0 0 0 0 129 254 238 44 0 0 0 0 0 0 0 0 0
0 0 0 0 0 0 0 0 0 0 0 0 0 0 0 0 0 0 59 249 254 62 0 0 0 0 0 0 0 0 0 0
0 0 0 0 0 0 0 0 0 0 0 0 0 0 0 0 0 0 133 254 187 5 0 0 0 0 0 0 0 0 0 0
0 0 0 0 0 0 0 0 0 0 0 0 0 0 0 0 0 9 205 248 58 0 0 0 0 0 0 0 0 0 0 0
0 0 0 0 0 0 0 0 0 0 0 0 0 0 0 0 0 126 254 182 0 0 0 0 0 0 0 0 0 0 0 0
0 0 0 0 0 0 0 0 0 0 0 0 0 0 0 0 75 251 240 57 0 0 0 0 0 0 0 0 0 0 0 0
0 0 0 0 0 0 0 0 0 0 0 0 0 0 0 19 221 254 166 0 0 0 0 0 0 0 0 0 0 0 0 0
0 0 0 0 0 0 0 0 0 0 0 0 0 0 3 203 254 219 35 0 0 0 0 0 0 0 0 0 0 0 0 0
0 0 0 0 0 0 0 0 0 0 0 0 0 0 38 254 254 77 0 0 0 0 0 0 0 0 0 0 0 0 0 0
0 0 0 0 0 0 0 0 0 0 0 0 0 31 224 254 115 1 0 0 0 0 0 0 0 0 0 0 0 0 0 0
0 0 0 0 0 0 0 0 0 0 0 0 0 133 254 254 52 0 0 0 0 0 0 0 0 0 0 0 0 0 0 0
0 0 0 0 0 0 0 0 0 0 0 0 61 242 254 254 52 0 0 0 0 0 0 0 0 0 0 0 0 0 0 0
0 0 0 0 0 0 0 0 0 0 0 0 121 254 254 219 40 0 0 0 0 0 0 0 0 0 0 0 0 0 0 0
0 0 0 0 0 0 0 0 0 0 0 0 121 254 207 18 0 0 0 0 0 0 0 0 0 0 0 0 0 0 0 0
0 0 0 0 0 0 0 0 0 0 0 0 0 0 0 0 0 0 0 0 0 0 0 0 0 0 0 0 0 0 0 0
0 0 0 0 0 0 0 0 0 0 0 0 0 0 0 0 0 0 0 0 0 0 0 0 0 0 0 0 0 0 0 0
0 0 0 0 0 0 0 0 0 0 0 0 0 0 0 0 0 0 0 0 0 0 0 0 0 0 0 0 0 0 0 0


Sample Conv Filter Weights for filter 0:
5 -15 0 0 26
-41 27 -12 -3 7
-29 -40 -28 42 -8
18 -30 10 -28 -1
-52 1 38 -16 -23

bias :32
** The Weights for this excercise are taken as 16-bit short variables.

Conv Output for filter number  0 + ReLU :  28*28
32      32      32      32      32      32      32      32      32      32      32      32      32      32      32      32      32      32      32      32      32      32      32      32  32       32      32      32
32      32      32      32      32      32      32      32      32      32      32      32      32      32      32      32      32      32      32      32      32      32      32      32  32       32      32      32
32      32      32      32      32      32      32      32      32      32      32      32      32      32      32      32      32      32      32      32      32      32      32      32  32       32      32      32
32      32      32      32      32      32      32      32      32      32      32      32      32      32      32      32      32      32      32      32      32      32      32      32  32       32      32      32
32      32      32      32      32      32      32      32      32      32      32      32      32      32      32      32      32      32      32      32      32      32      32      32  32       32      32      32
32      32      32      32      0       0       0       1129    0       0       0       0       0       0       32      32      32      32      32      32      32      32      32      32  32       32      32      32
32      32      32      32      0       0       0       0       0       0       0       0       0       0       0       0       0       0       0       0       0       0       0       0   32       32      32      32
32      32      32      32      0       0       0       0       0       0       0       0       0       0       0       0       0       0       0       0       0       0       0       0   32       32      32      32
32      32      32      32      0       6377    0       0       0       0       0       0       0       0       0       0       0       0       0       0       0       0       0       0   32       32      32      32
32      32      32      32      3234    7856    4854    2900    0       0       0       0       0       0       0       0       0       0       0       0       0       0       0       0   32       32      32      32
32      32      32      32      6273    7233    5994    4329    4202    624     2093    2640    0       0       0       0       0       0       0       0       0       0       0       0   32       32      32      32
32      32      32      32      1774    2996    1904    1991    2895    5543    5697    3703    4140    5146    1667    1501    0       0       9858    0       0       0       0       0   32       32      32      32
32      32      32      32      32      32      32      32      32      474     1748    396     1519    869     537     0       0       12121   6239    0       0       0       0       0   32       32      32      32
32      32      32      32      32      32      32      32      32      32      32      32      32      32      0       0       0       12808   0       0       0       0       0       122 32       32      32      32
32      32      32      32      32      32      32      32      32      32      32      32      32      0       0       0       10783   8400    0       0       0       0       0       32  32       32      32      32
32      32      32      32      32      32      32      32      32      32      32      32      32      0       0       0       14051   0       0       0       0       0       252     32  32       32      32      32
32      32      32      32      32      32      32      32      32      32      32      32      0       0       0       12687   7662    0       0       0       0       137     32      32  32       32      32      32
32      32      32      32      32      32      32      32      32      32      32      0       0       0       2175    13045   0       0       0       0       0       57      32      32  32       32      32      32
32      32      32      32      32      32      32      32      32      32      0       0       0       0       13036   0       0       0       0       0       322     32      32      32  32       32      32      32
32      32      32      32      32      32      32      32      32      32      0       0       0       10022   6090    0       0       0       0       0       32      32      32      32  32       32      32      32
32      32      32      32      32      32      32      32      32      0       0       0       4730    11169   0       0       0       0       0       317     32      32      32      32  32       32      32      32
32      32      32      32      32      32      32      32      32      0       0       0       13091   1787    0       0       0       0       0       32      32      32      32      32  32       32      32      32
32      32      32      32      32      32      32      32      0       0       0       6797    2280    0       0       0       0       0       207     32      32      32      32      32  32       32      32      32
32      32      32      32      32      32      32      32      0       0       0       6178    0       0       0       0       0       376     32      32      32      32      32      32  32       32      32      32
32      32      32      32      32      32      32      32      0       0       3276    3102    0       0       0       0       0       37      32      32      32      32      32      32  32       32      32      32
32      32      32      32      32      32      32      32      0       4409    6095    0       0       0       0       0       0       32      32      32      32      32      32      32  32       32      32      32
32      32      32      32      32      32      32      32      1497    10789   11824   3309    0       0       0       0       0       32      32      32      32      32      32      32  32       32      32      32
32      32      32      32      32      32      32      32      4025    8051    5871    3635    0       0       0       0       232     32      32      32      32      32      32      32  32       32      32      32

Maxpool Output for filter 0: 14*14 
32      32      32      32      32      32      32      32      32      32      32      32      32      32
32      32      32      32      32      32      32      32      32      32      32      32      32      32
32      32      32      1129    32      32      32      32      32      32      32      32      32      32
32      32      0       0       0       0       0       0       0       0       0       0       32      32
32      32      7856    4854    0       0       0       0       0       0       0       0       32      32
32      32      7233    5994    5543    5697    5146    1667    0       9858    0       0       32      32
32      32      32      32      474     1748    1519    537     12808   6239    0       122     32      32
32      32      32      32      32      32      32      0       14051   0       0       252     32      32
32      32      32      32      32      32      0       13045   7662    0       137     32      32      32
32      32      32      32      32      0       10022   13036   0       0       322     32      32      32
32      32      32      32      32      0       13091   0       0       317     32      32      32      32
32      32      32      32      0       6797    2280    0       376     207     32      32      32      32
32      32      32      32      4409    6095    0       0       37      32      32      32      32      32
32      32      32      32      10789   11824   0       0       232     32      32      32      32      32


Fully Connected Layer Output :
score for class 0 :-8394183
score for class 1 :-3976207
score for class 2 :-213523
score for class 3 :2261697
score for class 4 :-13010058
score for class 5 :-11145847
score for class 6 :-27152723
==>score for class 7 :11953216
score for class 8 :-6139738
score for class 9 :-1362812

